57988
57989
57996
59071
59072
59074
59075
59081
59082
59087
59088
59090
59094
59096
59097
59099
59106
59107
59109
59114
59116
59117
59264
59268
59269
59270
59271
59276
59278
59279
59280
59284
59285
59287
59288
59289
59290
59293
59294
59297
59298
59303
59304
59306
59310
59312
59313
59314
59315
59316
59317
59318
59319
59324
59456
59462
59469
59470
59471
59473
59475
59476
59477
59478
59480
59481
59485
59487
59488
59492
59493
59500
59501
59502
59650
59653
59654
59655
59656
59658
59659
59663
59664
59673
59750
59754
